<?php  if ( ! defined('BASEPATH')) exit('No direct script access allowed'); ?>

DEBUG - 2019-08-16 09:08:03.28347700 --> Config Class Initialized
DEBUG - 2019-08-16 09:08:03.29302600 --> Hooks Class Initialized
DEBUG - 2019-08-16 09:08:03.30038700 --> Utf8 Class Initialized
DEBUG - 2019-08-16 09:08:03.30505200 --> UTF-8 Support Enabled
DEBUG - 2019-08-16 09:08:03.31435100 --> URI Class Initialized
DEBUG - 2019-08-16 09:08:03.32386900 --> Router Class Initialized
DEBUG - 2019-08-16 09:08:03.34440400 --> Output Class Initialized
DEBUG - 2019-08-16 09:08:03.35382200 --> Security Class Initialized
DEBUG - 2019-08-16 09:08:03.36750500 --> Input Class Initialized
DEBUG - 2019-08-16 09:08:03.37093300 --> XSS Filtering completed
DEBUG - 2019-08-16 09:08:03.37346400 --> Global POST and COOKIE data sanitized
DEBUG - 2019-08-16 09:08:03.38282500 --> Language Class Initialized
DEBUG - 2019-08-16 09:08:03.40936000 --> Loader Class Initialized
DEBUG - 2019-08-16 09:08:03.42851500 --> Helper loaded: array_helper
DEBUG - 2019-08-16 09:08:03.43686000 --> Helper loaded: script_helper
DEBUG - 2019-08-16 09:08:03.45011400 --> Helper loaded: string_helper
DEBUG - 2019-08-16 09:08:03.46220700 --> Helper loaded: html_helper
DEBUG - 2019-08-16 09:08:03.47039300 --> Helper loaded: url_helper
DEBUG - 2019-08-16 09:08:03.47827400 --> Helper loaded: calc_helper
DEBUG - 2019-08-16 09:08:03.49175600 --> Helper loaded: date_helper
DEBUG - 2019-08-16 09:08:03.52417300 --> Database Driver Class Initialized
DEBUG - 2019-08-16 09:08:03.53885800 --> Model Class Initialized
DEBUG - 2019-08-16 09:08:03.54934200 --> Model Class Initialized
DEBUG - 2019-08-16 09:08:03.55160300 --> Controller Class Initialized
DEBUG - 2019-08-16 09:08:03.56643700 --> Helper loaded: form_helper
DEBUG - 2019-08-16 09:08:03.57862500 --> Pagination Class Initialized
DEBUG - 2019-08-16 09:08:03.60251900 --> Form Validation Class Initialized
DEBUG - 2019-08-16 09:08:03.61308600 --> Session Class Initialized
DEBUG - 2019-08-16 09:08:03.63128700 --> Session routines successfully run
DEBUG - 2019-08-16 09:08:03.64009800 --> Model Class Initialized
DEBUG - 2019-08-16 09:08:03.64988100 --> Model Class Initialized
DEBUG - 2019-08-16 09:08:03.65839000 --> Model Class Initialized
DEBUG - 2019-08-16 09:08:03.66494300 --> Model Class Initialized
DEBUG - 2019-08-16 09:08:03.67894800 --> Model Class Initialized
DEBUG - 2019-08-16 09:08:03.69196900 --> Model Class Initialized
DEBUG - 2019-08-16 09:08:03.69822300 --> Model Class Initialized
DEBUG - 2019-08-16 09:08:03.70597500 --> Model Class Initialized
DEBUG - 2019-08-16 09:08:03.71467000 --> File loaded: application/views//common/error_common.php
DEBUG - 2019-08-16 09:08:04.98048800 --> Config Class Initialized
DEBUG - 2019-08-16 09:08:04.98712100 --> Hooks Class Initialized
DEBUG - 2019-08-16 09:08:04.99552900 --> Utf8 Class Initialized
DEBUG - 2019-08-16 09:08:04.99783800 --> UTF-8 Support Enabled
DEBUG - 2019-08-16 09:08:04.00508200 --> URI Class Initialized
DEBUG - 2019-08-16 09:08:05.01251000 --> Router Class Initialized
DEBUG - 2019-08-16 09:08:05.02862600 --> Output Class Initialized
DEBUG - 2019-08-16 09:08:05.03821800 --> Security Class Initialized
DEBUG - 2019-08-16 09:08:05.04763300 --> Input Class Initialized
DEBUG - 2019-08-16 09:08:05.05026400 --> XSS Filtering completed
DEBUG - 2019-08-16 09:08:05.05466700 --> Global POST and COOKIE data sanitized
DEBUG - 2019-08-16 09:08:05.06136100 --> Language Class Initialized
DEBUG - 2019-08-16 09:08:05.07995500 --> Loader Class Initialized
DEBUG - 2019-08-16 09:08:05.09511000 --> Helper loaded: array_helper
DEBUG - 2019-08-16 09:08:05.10063000 --> Helper loaded: script_helper
DEBUG - 2019-08-16 09:08:05.11063800 --> Helper loaded: string_helper
DEBUG - 2019-08-16 09:08:05.12177600 --> Helper loaded: html_helper
DEBUG - 2019-08-16 09:08:05.12908900 --> Helper loaded: url_helper
DEBUG - 2019-08-16 09:08:05.13570500 --> Helper loaded: calc_helper
DEBUG - 2019-08-16 09:08:05.14509900 --> Helper loaded: date_helper
DEBUG - 2019-08-16 09:08:05.17238000 --> Database Driver Class Initialized
DEBUG - 2019-08-16 09:08:05.18546700 --> Model Class Initialized
DEBUG - 2019-08-16 09:08:05.19003400 --> Model Class Initialized
DEBUG - 2019-08-16 09:08:05.19252200 --> Controller Class Initialized
DEBUG - 2019-08-16 09:08:05.20424800 --> Helper loaded: form_helper
DEBUG - 2019-08-16 09:08:05.21519900 --> Pagination Class Initialized
DEBUG - 2019-08-16 09:08:05.23056200 --> Form Validation Class Initialized
DEBUG - 2019-08-16 09:08:05.24036500 --> Session Class Initialized
DEBUG - 2019-08-16 09:08:05.25220500 --> Session routines successfully run
DEBUG - 2019-08-16 09:08:05.25812600 --> Model Class Initialized
DEBUG - 2019-08-16 09:08:05.26684600 --> Model Class Initialized
DEBUG - 2019-08-16 09:08:05.27375400 --> Model Class Initialized
DEBUG - 2019-08-16 09:08:05.28008600 --> Model Class Initialized
DEBUG - 2019-08-16 09:08:05.28862600 --> Session class already loaded. Second attempt ignored.
DEBUG - 2019-08-16 09:08:05.30065900 --> Model Class Initialized
DEBUG - 2019-08-16 09:08:05.30735500 --> Model Class Initialized
DEBUG - 2019-08-16 09:08:05.31371400 --> Model Class Initialized
INFO  - 2019-08-16 09:08:05.31783900 --> [2623ffbcecf2437dc666b2f0fe1fc061]<PROCESS-START> USER-ID:  Controller:logout  Method:index
DEBUG - 2019-08-16 09:08:05.42220100 --> Config Class Initialized
DEBUG - 2019-08-16 09:08:05.43183800 --> Hooks Class Initialized
DEBUG - 2019-08-16 09:08:05.43952800 --> Utf8 Class Initialized
DEBUG - 2019-08-16 09:08:05.44331900 --> UTF-8 Support Enabled
DEBUG - 2019-08-16 09:08:05.45008100 --> URI Class Initialized
DEBUG - 2019-08-16 09:08:05.45818900 --> Router Class Initialized
DEBUG - 2019-08-16 09:08:05.46620900 --> No URI present. Default controller set.
DEBUG - 2019-08-16 09:08:05.47792300 --> Output Class Initialized
DEBUG - 2019-08-16 09:08:05.48623100 --> Security Class Initialized
DEBUG - 2019-08-16 09:08:05.49513400 --> Input Class Initialized
DEBUG - 2019-08-16 09:08:05.49712300 --> Global POST and COOKIE data sanitized
DEBUG - 2019-08-16 09:08:05.50272400 --> Language Class Initialized
DEBUG - 2019-08-16 09:08:05.52470000 --> Loader Class Initialized
DEBUG - 2019-08-16 09:08:05.53893000 --> Helper loaded: array_helper
DEBUG - 2019-08-16 09:08:05.54519800 --> Helper loaded: script_helper
DEBUG - 2019-08-16 09:08:05.55199200 --> Helper loaded: string_helper
DEBUG - 2019-08-16 09:08:05.56047500 --> Helper loaded: html_helper
DEBUG - 2019-08-16 09:08:05.56897100 --> Helper loaded: url_helper
DEBUG - 2019-08-16 09:08:05.57507000 --> Helper loaded: calc_helper
DEBUG - 2019-08-16 09:08:05.58541400 --> Helper loaded: date_helper
DEBUG - 2019-08-16 09:08:05.60990500 --> Database Driver Class Initialized
DEBUG - 2019-08-16 09:08:05.62547600 --> Model Class Initialized
DEBUG - 2019-08-16 09:08:05.63062700 --> Model Class Initialized
DEBUG - 2019-08-16 09:08:05.63301100 --> Controller Class Initialized
DEBUG - 2019-08-16 09:08:05.64344600 --> Helper loaded: form_helper
DEBUG - 2019-08-16 09:08:05.65348500 --> Pagination Class Initialized
DEBUG - 2019-08-16 09:08:05.67133400 --> Form Validation Class Initialized
DEBUG - 2019-08-16 09:08:05.68061700 --> Session Class Initialized
DEBUG - 2019-08-16 09:08:05.68403400 --> A session cookie was not found.
DEBUG - 2019-08-16 09:08:05.68960600 --> Session routines successfully run
DEBUG - 2019-08-16 09:08:05.69686100 --> Model Class Initialized
DEBUG - 2019-08-16 09:08:05.70473100 --> Model Class Initialized
DEBUG - 2019-08-16 09:08:05.71203500 --> Model Class Initialized
DEBUG - 2019-08-16 09:08:05.71893300 --> Model Class Initialized
DEBUG - 2019-08-16 09:08:05.73865400 --> Model Class Initialized
DEBUG - 2019-08-16 09:08:05.74454600 --> Form_validation class already loaded. Second attempt ignored.
DEBUG - 2019-08-16 09:08:05.75718300 --> Model Class Initialized
DEBUG - 2019-08-16 09:08:05.76248500 --> Model Class Initialized
DEBUG - 2019-08-16 09:08:05.76764900 --> Model Class Initialized
INFO  - 2019-08-16 09:08:05.77037100 --> [0f9bd68592366e1c33456bf805dce5b4]<PROCESS-START> USER-ID:  Controller:login  Method:index
DEBUG - 2019-08-16 09:08:05.77793100 --> File loaded: application/views/login.php
DEBUG - 2019-08-16 09:08:05.78573300 --> File loaded: application/views/common/login_master.php
INFO  - 2019-08-16 09:08:05.78967300 --> [0f9bd68592366e1c33456bf805dce5b4]<PROCESS-END> Controller:login  Method:index execution time=0.3844s
DEBUG - 2019-08-16 09:08:11.32020800 --> Config Class Initialized
DEBUG - 2019-08-16 09:08:11.32623000 --> Hooks Class Initialized
DEBUG - 2019-08-16 09:08:11.33268000 --> Utf8 Class Initialized
DEBUG - 2019-08-16 09:08:11.33473700 --> UTF-8 Support Enabled
DEBUG - 2019-08-16 09:08:11.34196300 --> URI Class Initialized
DEBUG - 2019-08-16 09:08:11.35015900 --> Router Class Initialized
DEBUG - 2019-08-16 09:08:11.35745700 --> No URI present. Default controller set.
DEBUG - 2019-08-16 09:08:11.36704100 --> Output Class Initialized
DEBUG - 2019-08-16 09:08:11.37584000 --> Security Class Initialized
DEBUG - 2019-08-16 09:08:11.38649200 --> Input Class Initialized
DEBUG - 2019-08-16 09:08:11.38971700 --> XSS Filtering completed
DEBUG - 2019-08-16 09:08:11.39209200 --> XSS Filtering completed
DEBUG - 2019-08-16 09:08:11.39455500 --> XSS Filtering completed
DEBUG - 2019-08-16 09:08:11.39657700 --> Global POST and COOKIE data sanitized
DEBUG - 2019-08-16 09:08:11.40435500 --> Language Class Initialized
DEBUG - 2019-08-16 09:08:11.42315000 --> Loader Class Initialized
DEBUG - 2019-08-16 09:08:11.44019900 --> Helper loaded: array_helper
DEBUG - 2019-08-16 09:08:11.44647800 --> Helper loaded: script_helper
DEBUG - 2019-08-16 09:08:11.45880300 --> Helper loaded: string_helper
DEBUG - 2019-08-16 09:08:11.47173600 --> Helper loaded: html_helper
DEBUG - 2019-08-16 09:08:11.48074800 --> Helper loaded: url_helper
DEBUG - 2019-08-16 09:08:11.48681300 --> Helper loaded: calc_helper
DEBUG - 2019-08-16 09:08:11.50014700 --> Helper loaded: date_helper
DEBUG - 2019-08-16 09:08:11.52824400 --> Database Driver Class Initialized
DEBUG - 2019-08-16 09:08:11.54421500 --> Model Class Initialized
DEBUG - 2019-08-16 09:08:11.55184400 --> Model Class Initialized
DEBUG - 2019-08-16 09:08:11.55422100 --> Controller Class Initialized
DEBUG - 2019-08-16 09:08:11.57186000 --> Helper loaded: form_helper
DEBUG - 2019-08-16 09:08:11.58622500 --> Pagination Class Initialized
DEBUG - 2019-08-16 09:08:11.60811300 --> Form Validation Class Initialized
DEBUG - 2019-08-16 09:08:11.61781200 --> Session Class Initialized
DEBUG - 2019-08-16 09:08:11.63080000 --> Session routines successfully run
DEBUG - 2019-08-16 09:08:11.63855000 --> Model Class Initialized
DEBUG - 2019-08-16 09:08:11.64787500 --> Model Class Initialized
DEBUG - 2019-08-16 09:08:11.65597600 --> Model Class Initialized
DEBUG - 2019-08-16 09:08:11.67181700 --> Model Class Initialized
DEBUG - 2019-08-16 09:08:11.68573500 --> Model Class Initialized
DEBUG - 2019-08-16 09:08:11.69058100 --> Form_validation class already loaded. Second attempt ignored.
DEBUG - 2019-08-16 09:08:11.70279400 --> Model Class Initialized
DEBUG - 2019-08-16 09:08:11.70911900 --> Model Class Initialized
DEBUG - 2019-08-16 09:08:11.71540800 --> Model Class Initialized
INFO  - 2019-08-16 09:08:11.71777300 --> [0f9bd68592366e1c33456bf805dce5b4]<PROCESS-START> USER-ID:  Controller:login  Method:index
DEBUG - 2019-08-16 09:08:11.72736300 --> Language file loaded: language/japanese/form_validation_lang.php
DEBUG - 2019-08-16 09:08:11.78807900 --> Config Class Initialized
DEBUG - 2019-08-16 09:08:11.79428600 --> Hooks Class Initialized
DEBUG - 2019-08-16 09:08:11.80169200 --> Utf8 Class Initialized
DEBUG - 2019-08-16 09:08:11.80400600 --> UTF-8 Support Enabled
DEBUG - 2019-08-16 09:08:11.81160400 --> URI Class Initialized
DEBUG - 2019-08-16 09:08:11.81777500 --> Router Class Initialized
DEBUG - 2019-08-16 09:08:11.83528200 --> Output Class Initialized
DEBUG - 2019-08-16 09:08:11.84295200 --> Security Class Initialized
DEBUG - 2019-08-16 09:08:11.85372300 --> Input Class Initialized
DEBUG - 2019-08-16 09:08:11.85647300 --> XSS Filtering completed
DEBUG - 2019-08-16 09:08:11.85866200 --> Global POST and COOKIE data sanitized
DEBUG - 2019-08-16 09:08:11.86622300 --> Language Class Initialized
DEBUG - 2019-08-16 09:08:11.88521900 --> Loader Class Initialized
DEBUG - 2019-08-16 09:08:11.89795900 --> Helper loaded: array_helper
DEBUG - 2019-08-16 09:08:11.90476500 --> Helper loaded: script_helper
DEBUG - 2019-08-16 09:08:11.91455700 --> Helper loaded: string_helper
DEBUG - 2019-08-16 09:08:11.92409400 --> Helper loaded: html_helper
DEBUG - 2019-08-16 09:08:11.93078700 --> Helper loaded: url_helper
DEBUG - 2019-08-16 09:08:11.93609000 --> Helper loaded: calc_helper
DEBUG - 2019-08-16 09:08:11.94510600 --> Helper loaded: date_helper
DEBUG - 2019-08-16 09:08:11.96759300 --> Database Driver Class Initialized
DEBUG - 2019-08-16 09:08:11.97907000 --> Model Class Initialized
DEBUG - 2019-08-16 09:08:11.98470700 --> Model Class Initialized
DEBUG - 2019-08-16 09:08:11.98681200 --> Controller Class Initialized
DEBUG - 2019-08-16 09:08:11.99754900 --> Helper loaded: form_helper
DEBUG - 2019-08-16 09:08:12.01046400 --> Pagination Class Initialized
DEBUG - 2019-08-16 09:08:12.02504600 --> Form Validation Class Initialized
DEBUG - 2019-08-16 09:08:12.03290000 --> Session Class Initialized
DEBUG - 2019-08-16 09:08:12.04351500 --> Session routines successfully run
DEBUG - 2019-08-16 09:08:12.04979900 --> Model Class Initialized
DEBUG - 2019-08-16 09:08:12.05593100 --> Model Class Initialized
DEBUG - 2019-08-16 09:08:12.06239800 --> Model Class Initialized
DEBUG - 2019-08-16 09:08:12.06859400 --> Model Class Initialized
DEBUG - 2019-08-16 09:08:12.07906000 --> Model Class Initialized
DEBUG - 2019-08-16 09:08:12.09167900 --> Model Class Initialized
DEBUG - 2019-08-16 09:08:12.09713000 --> Model Class Initialized
DEBUG - 2019-08-16 09:08:12.10731500 --> Model Class Initialized
INFO  - 2019-08-16 09:08:12.11135000 --> [0f9bd68592366e1c33456bf805dce5b4]<PROCESS-START> USER-ID: 1 Controller:top  Method:index
DEBUG - 2019-08-16 09:08:13.58729800 --> File loaded: application/views/top.php
DEBUG - 2019-08-16 09:08:13.62368600 --> File loaded: application/views/common/master.php
INFO  - 2019-08-16 09:08:13.62702800 --> [0f9bd68592366e1c33456bf805dce5b4]<PROCESS-END> Controller:top  Method:index execution time=1.8154s
DEBUG - 2019-08-16 09:08:13.87698400 --> Config Class Initialized
DEBUG - 2019-08-16 09:08:13.89101500 --> Hooks Class Initialized
DEBUG - 2019-08-16 09:08:13.90604900 --> Utf8 Class Initialized
DEBUG - 2019-08-16 09:08:13.91018200 --> UTF-8 Support Enabled
DEBUG - 2019-08-16 09:08:13.92434100 --> URI Class Initialized
DEBUG - 2019-08-16 09:08:13.93393800 --> Router Class Initialized
DEBUG - 2019-08-16 09:08:13.95545100 --> Output Class Initialized
DEBUG - 2019-08-16 09:08:13.96290000 --> Security Class Initialized
DEBUG - 2019-08-16 09:08:13.97552600 --> Input Class Initialized
DEBUG - 2019-08-16 09:08:13.97875900 --> XSS Filtering completed
DEBUG - 2019-08-16 09:08:13.98136900 --> XSS Filtering completed
DEBUG - 2019-08-16 09:08:13.98351800 --> Global POST and COOKIE data sanitized
DEBUG - 2019-08-16 09:08:13.99016600 --> Language Class Initialized
DEBUG - 2019-08-16 09:08:13.00803100 --> Loader Class Initialized
DEBUG - 2019-08-16 09:08:14.02618200 --> Helper loaded: array_helper
DEBUG - 2019-08-16 09:08:14.03345000 --> Helper loaded: script_helper
DEBUG - 2019-08-16 09:08:14.04392700 --> Helper loaded: string_helper
DEBUG - 2019-08-16 09:08:14.05456500 --> Helper loaded: html_helper
DEBUG - 2019-08-16 09:08:14.07564200 --> Helper loaded: url_helper
DEBUG - 2019-08-16 09:08:14.08526300 --> Helper loaded: calc_helper
DEBUG - 2019-08-16 09:08:14.10062600 --> Helper loaded: date_helper
DEBUG - 2019-08-16 09:08:14.13365000 --> Database Driver Class Initialized
DEBUG - 2019-08-16 09:08:14.14619800 --> Model Class Initialized
DEBUG - 2019-08-16 09:08:14.15541200 --> Model Class Initialized
DEBUG - 2019-08-16 09:08:14.15752000 --> Controller Class Initialized
DEBUG - 2019-08-16 09:08:14.16880100 --> Helper loaded: form_helper
DEBUG - 2019-08-16 09:08:14.18090000 --> Pagination Class Initialized
DEBUG - 2019-08-16 09:08:14.19864600 --> Form Validation Class Initialized
DEBUG - 2019-08-16 09:08:14.20746800 --> Session Class Initialized
DEBUG - 2019-08-16 09:08:14.21954500 --> Session routines successfully run
DEBUG - 2019-08-16 09:08:14.22633100 --> Model Class Initialized
DEBUG - 2019-08-16 09:08:14.23573200 --> Model Class Initialized
DEBUG - 2019-08-16 09:08:14.24342600 --> Model Class Initialized
DEBUG - 2019-08-16 09:08:14.25015000 --> Model Class Initialized
DEBUG - 2019-08-16 09:08:14.26239000 --> Model Class Initialized
DEBUG - 2019-08-16 09:08:14.27526900 --> Model Class Initialized
DEBUG - 2019-08-16 09:08:14.28158400 --> Model Class Initialized
DEBUG - 2019-08-16 09:08:14.28774800 --> Model Class Initialized
INFO  - 2019-08-16 09:08:14.29066600 --> [0f9bd68592366e1c33456bf805dce5b4]<PROCESS-START> USER-ID: 1 Controller:ajax  Method:daily_cnt_info
INFO  - 2019-08-16 09:08:14.44448200 --> [0f9bd68592366e1c33456bf805dce5b4]<PROCESS-END> Controller:ajax  Method:daily_cnt_info execution time=0.5933s
DEBUG - 2019-08-16 09:09:57.15941700 --> Config Class Initialized
DEBUG - 2019-08-16 09:09:57.16817200 --> Hooks Class Initialized
DEBUG - 2019-08-16 09:09:57.17799300 --> Utf8 Class Initialized
DEBUG - 2019-08-16 09:09:57.18203400 --> UTF-8 Support Enabled
DEBUG - 2019-08-16 09:09:57.19221400 --> URI Class Initialized
DEBUG - 2019-08-16 09:09:57.20210600 --> Router Class Initialized
DEBUG - 2019-08-16 09:09:57.23085100 --> Output Class Initialized
DEBUG - 2019-08-16 09:09:57.24213000 --> Security Class Initialized
DEBUG - 2019-08-16 09:09:57.25809400 --> Input Class Initialized
DEBUG - 2019-08-16 09:09:57.26226800 --> XSS Filtering completed
DEBUG - 2019-08-16 09:09:57.26706300 --> Global POST and COOKIE data sanitized
DEBUG - 2019-08-16 09:09:57.27985000 --> Language Class Initialized
DEBUG - 2019-08-16 09:09:57.31624000 --> Loader Class Initialized
DEBUG - 2019-08-16 09:09:57.33935900 --> Helper loaded: array_helper
DEBUG - 2019-08-16 09:09:57.34876100 --> Helper loaded: script_helper
DEBUG - 2019-08-16 09:09:57.36487700 --> Helper loaded: string_helper
DEBUG - 2019-08-16 09:09:57.38102000 --> Helper loaded: html_helper
DEBUG - 2019-08-16 09:09:57.39311100 --> Helper loaded: url_helper
DEBUG - 2019-08-16 09:09:57.40324000 --> Helper loaded: calc_helper
DEBUG - 2019-08-16 09:09:57.42078700 --> Helper loaded: date_helper
DEBUG - 2019-08-16 09:09:57.46045300 --> Database Driver Class Initialized
DEBUG - 2019-08-16 09:09:57.48686900 --> Model Class Initialized
DEBUG - 2019-08-16 09:09:57.50014900 --> Model Class Initialized
DEBUG - 2019-08-16 09:09:57.50489600 --> Controller Class Initialized
DEBUG - 2019-08-16 09:09:57.52864300 --> Helper loaded: form_helper
DEBUG - 2019-08-16 09:09:57.55360500 --> Pagination Class Initialized
DEBUG - 2019-08-16 09:09:57.58736200 --> Form Validation Class Initialized
DEBUG - 2019-08-16 09:09:57.60239800 --> Session Class Initialized
DEBUG - 2019-08-16 09:09:57.62608800 --> Session routines successfully run
DEBUG - 2019-08-16 09:09:57.63954300 --> Model Class Initialized
DEBUG - 2019-08-16 09:09:57.65493600 --> Model Class Initialized
DEBUG - 2019-08-16 09:09:57.66826800 --> Model Class Initialized
DEBUG - 2019-08-16 09:09:57.67997000 --> Model Class Initialized
DEBUG - 2019-08-16 09:09:57.69912700 --> Model Class Initialized
DEBUG - 2019-08-16 09:09:57.71943800 --> Model Class Initialized
DEBUG - 2019-08-16 09:09:57.73026700 --> Model Class Initialized
DEBUG - 2019-08-16 09:09:57.74060900 --> Model Class Initialized
INFO  - 2019-08-16 09:09:57.74461300 --> [0f9bd68592366e1c33456bf805dce5b4]<PROCESS-START> USER-ID: 1 Controller:sales_input  Method:index
DEBUG - 2019-08-16 09:09:57.76824300 --> File loaded: application/views/bill/sales_input.php
DEBUG - 2019-08-16 09:09:57.79254500 --> File loaded: application/views/common/master.php
INFO  - 2019-08-16 09:09:57.79700100 --> [0f9bd68592366e1c33456bf805dce5b4]<PROCESS-END> Controller:sales_input  Method:index execution time=0.6344s
DEBUG - 2019-08-16 09:10:01.19729200 --> Config Class Initialized
DEBUG - 2019-08-16 09:10:01.20328700 --> Hooks Class Initialized
DEBUG - 2019-08-16 09:10:01.21014000 --> Utf8 Class Initialized
DEBUG - 2019-08-16 09:10:01.21228200 --> UTF-8 Support Enabled
DEBUG - 2019-08-16 09:10:01.22115800 --> URI Class Initialized
DEBUG - 2019-08-16 09:10:01.22873100 --> Router Class Initialized
DEBUG - 2019-08-16 09:10:01.24471700 --> Output Class Initialized
DEBUG - 2019-08-16 09:10:01.25239000 --> Security Class Initialized
DEBUG - 2019-08-16 09:10:01.26285000 --> Input Class Initialized
DEBUG - 2019-08-16 09:10:01.26675900 --> XSS Filtering completed
DEBUG - 2019-08-16 09:10:01.26924700 --> Global POST and COOKIE data sanitized
DEBUG - 2019-08-16 09:10:01.27622700 --> Language Class Initialized
DEBUG - 2019-08-16 09:10:01.29651300 --> Loader Class Initialized
DEBUG - 2019-08-16 09:10:01.30864100 --> Helper loaded: array_helper
DEBUG - 2019-08-16 09:10:01.31446000 --> Helper loaded: script_helper
DEBUG - 2019-08-16 09:10:01.32447900 --> Helper loaded: string_helper
DEBUG - 2019-08-16 09:10:01.33452500 --> Helper loaded: html_helper
DEBUG - 2019-08-16 09:10:01.34262000 --> Helper loaded: url_helper
DEBUG - 2019-08-16 09:10:01.35091600 --> Helper loaded: calc_helper
DEBUG - 2019-08-16 09:10:01.36223800 --> Helper loaded: date_helper
DEBUG - 2019-08-16 09:10:01.38687100 --> Database Driver Class Initialized
DEBUG - 2019-08-16 09:10:01.39889100 --> Model Class Initialized
DEBUG - 2019-08-16 09:10:01.40465400 --> Model Class Initialized
DEBUG - 2019-08-16 09:10:01.40664100 --> Controller Class Initialized
DEBUG - 2019-08-16 09:10:01.41879700 --> Helper loaded: form_helper
DEBUG - 2019-08-16 09:10:01.42945100 --> Pagination Class Initialized
DEBUG - 2019-08-16 09:10:01.44494100 --> Form Validation Class Initialized
DEBUG - 2019-08-16 09:10:01.45491500 --> Session Class Initialized
DEBUG - 2019-08-16 09:10:01.46514500 --> Session routines successfully run
DEBUG - 2019-08-16 09:10:01.47168000 --> Model Class Initialized
DEBUG - 2019-08-16 09:10:01.48087700 --> Model Class Initialized
DEBUG - 2019-08-16 09:10:01.48895200 --> Model Class Initialized
DEBUG - 2019-08-16 09:10:01.49370600 --> Model Class Initialized
DEBUG - 2019-08-16 09:10:01.50849900 --> Model Class Initialized
DEBUG - 2019-08-16 09:10:01.51947300 --> Model Class Initialized
DEBUG - 2019-08-16 09:10:01.52555100 --> Model Class Initialized
DEBUG - 2019-08-16 09:10:01.53187200 --> Model Class Initialized
INFO  - 2019-08-16 09:10:01.53478200 --> [0f9bd68592366e1c33456bf805dce5b4]<PROCESS-START> USER-ID: 1 Controller:sales_list  Method:index
DEBUG - 2019-08-16 09:10:02.77288500 --> File loaded: application/views/bill/sales_list.php
DEBUG - 2019-08-16 09:10:02.79490000 --> File loaded: application/views/common/master.php
INFO  - 2019-08-16 09:10:02.79861900 --> [0f9bd68592366e1c33456bf805dce5b4]<PROCESS-END> Controller:sales_list  Method:index execution time=1.5908s
DEBUG - 2019-08-16 09:10:55.64455200 --> Config Class Initialized
DEBUG - 2019-08-16 09:10:55.65071200 --> Hooks Class Initialized
DEBUG - 2019-08-16 09:10:55.65807000 --> Utf8 Class Initialized
DEBUG - 2019-08-16 09:10:55.66190800 --> UTF-8 Support Enabled
DEBUG - 2019-08-16 09:10:55.66898500 --> URI Class Initialized
DEBUG - 2019-08-16 09:10:55.67644900 --> Router Class Initialized
DEBUG - 2019-08-16 09:10:55.69214200 --> Output Class Initialized
DEBUG - 2019-08-16 09:10:55.70080000 --> Security Class Initialized
DEBUG - 2019-08-16 09:10:55.71158000 --> Input Class Initialized
DEBUG - 2019-08-16 09:10:55.71399300 --> XSS Filtering completed
DEBUG - 2019-08-16 09:10:55.71682700 --> Global POST and COOKIE data sanitized
DEBUG - 2019-08-16 09:10:55.72426900 --> Language Class Initialized
DEBUG - 2019-08-16 09:10:55.74380800 --> Loader Class Initialized
DEBUG - 2019-08-16 09:10:55.75965500 --> Helper loaded: array_helper
DEBUG - 2019-08-16 09:10:55.76593900 --> Helper loaded: script_helper
DEBUG - 2019-08-16 09:10:55.77708000 --> Helper loaded: string_helper
DEBUG - 2019-08-16 09:10:55.78860800 --> Helper loaded: html_helper
DEBUG - 2019-08-16 09:10:55.79660800 --> Helper loaded: url_helper
DEBUG - 2019-08-16 09:10:55.80334500 --> Helper loaded: calc_helper
DEBUG - 2019-08-16 09:10:55.81362700 --> Helper loaded: date_helper
DEBUG - 2019-08-16 09:10:55.84155600 --> Database Driver Class Initialized
DEBUG - 2019-08-16 09:10:55.85512500 --> Model Class Initialized
DEBUG - 2019-08-16 09:10:55.86259800 --> Model Class Initialized
DEBUG - 2019-08-16 09:10:55.86465500 --> Controller Class Initialized
DEBUG - 2019-08-16 09:10:55.87566700 --> Helper loaded: form_helper
DEBUG - 2019-08-16 09:10:55.89086600 --> Pagination Class Initialized
DEBUG - 2019-08-16 09:10:55.90861700 --> Form Validation Class Initialized
DEBUG - 2019-08-16 09:10:55.91703500 --> Session Class Initialized
DEBUG - 2019-08-16 09:10:55.92907800 --> Session routines successfully run
DEBUG - 2019-08-16 09:10:55.93746400 --> Model Class Initialized
DEBUG - 2019-08-16 09:10:55.94557200 --> Model Class Initialized
DEBUG - 2019-08-16 09:10:55.95295300 --> Model Class Initialized
DEBUG - 2019-08-16 09:10:55.95939900 --> Model Class Initialized
DEBUG - 2019-08-16 09:10:55.97621200 --> Model Class Initialized
DEBUG - 2019-08-16 09:10:55.99302300 --> Model Class Initialized
DEBUG - 2019-08-16 09:10:55.00186100 --> Model Class Initialized
DEBUG - 2019-08-16 09:10:55.00972900 --> Model Class Initialized
INFO  - 2019-08-16 09:10:56.02121300 --> [0f9bd68592366e1c33456bf805dce5b4]<PROCESS-START> USER-ID: 1 Controller:top  Method:index
DEBUG - 2019-08-16 09:10:57.55673300 --> File loaded: application/views/top.php
DEBUG - 2019-08-16 09:10:57.57382600 --> File loaded: application/views/common/master.php
INFO  - 2019-08-16 09:10:57.57614000 --> [0f9bd68592366e1c33456bf805dce5b4]<PROCESS-END> Controller:top  Method:index execution time=1.9304s
DEBUG - 2019-08-16 09:10:57.70995000 --> Config Class Initialized
DEBUG - 2019-08-16 09:10:57.71443000 --> Hooks Class Initialized
DEBUG - 2019-08-16 09:10:57.71994000 --> Utf8 Class Initialized
DEBUG - 2019-08-16 09:10:57.72195900 --> UTF-8 Support Enabled
DEBUG - 2019-08-16 09:10:57.72725600 --> URI Class Initialized
DEBUG - 2019-08-16 09:10:57.73208400 --> Router Class Initialized
DEBUG - 2019-08-16 09:10:57.74439300 --> Output Class Initialized
DEBUG - 2019-08-16 09:10:57.75147000 --> Security Class Initialized
DEBUG - 2019-08-16 09:10:57.75906100 --> Input Class Initialized
DEBUG - 2019-08-16 09:10:57.76155700 --> XSS Filtering completed
DEBUG - 2019-08-16 09:10:57.76382200 --> XSS Filtering completed
DEBUG - 2019-08-16 09:10:57.76573300 --> Global POST and COOKIE data sanitized
DEBUG - 2019-08-16 09:10:57.77106300 --> Language Class Initialized
DEBUG - 2019-08-16 09:10:57.78767000 --> Loader Class Initialized
DEBUG - 2019-08-16 09:10:57.79745200 --> Helper loaded: array_helper
DEBUG - 2019-08-16 09:10:57.80232500 --> Helper loaded: script_helper
DEBUG - 2019-08-16 09:10:57.80906100 --> Helper loaded: string_helper
DEBUG - 2019-08-16 09:10:57.81678700 --> Helper loaded: html_helper
DEBUG - 2019-08-16 09:10:57.82195700 --> Helper loaded: url_helper
DEBUG - 2019-08-16 09:10:57.82571500 --> Helper loaded: calc_helper
DEBUG - 2019-08-16 09:10:57.83515800 --> Helper loaded: date_helper
DEBUG - 2019-08-16 09:10:57.85256100 --> Database Driver Class Initialized
DEBUG - 2019-08-16 09:10:57.86246300 --> Model Class Initialized
DEBUG - 2019-08-16 09:10:57.86620500 --> Model Class Initialized
DEBUG - 2019-08-16 09:10:57.86780500 --> Controller Class Initialized
DEBUG - 2019-08-16 09:10:57.87629200 --> Helper loaded: form_helper
DEBUG - 2019-08-16 09:10:57.88443600 --> Pagination Class Initialized
DEBUG - 2019-08-16 09:10:57.89508600 --> Form Validation Class Initialized
DEBUG - 2019-08-16 09:10:57.90140100 --> Session Class Initialized
DEBUG - 2019-08-16 09:10:57.90921200 --> Session routines successfully run
DEBUG - 2019-08-16 09:10:57.91394000 --> Model Class Initialized
DEBUG - 2019-08-16 09:10:57.91860400 --> Model Class Initialized
DEBUG - 2019-08-16 09:10:57.92617700 --> Model Class Initialized
DEBUG - 2019-08-16 09:10:57.93282900 --> Model Class Initialized
DEBUG - 2019-08-16 09:10:57.94375100 --> Model Class Initialized
DEBUG - 2019-08-16 09:10:57.95170200 --> Model Class Initialized
DEBUG - 2019-08-16 09:10:57.95719500 --> Model Class Initialized
DEBUG - 2019-08-16 09:10:57.96186800 --> Model Class Initialized
INFO  - 2019-08-16 09:10:57.96349600 --> [0f9bd68592366e1c33456bf805dce5b4]<PROCESS-START> USER-ID: 1 Controller:ajax  Method:daily_cnt_info
INFO  - 2019-08-16 09:10:58.11921300 --> [0f9bd68592366e1c33456bf805dce5b4]<PROCESS-END> Controller:ajax  Method:daily_cnt_info execution time=0.4202s
DEBUG - 2019-08-16 09:10:59.75521700 --> Config Class Initialized
DEBUG - 2019-08-16 09:10:59.75957400 --> Hooks Class Initialized
DEBUG - 2019-08-16 09:10:59.76515100 --> Utf8 Class Initialized
DEBUG - 2019-08-16 09:10:59.76744700 --> UTF-8 Support Enabled
DEBUG - 2019-08-16 09:10:59.77656000 --> URI Class Initialized
DEBUG - 2019-08-16 09:10:59.78258700 --> Router Class Initialized
DEBUG - 2019-08-16 09:10:59.79625900 --> Output Class Initialized
DEBUG - 2019-08-16 09:10:59.80291500 --> Security Class Initialized
DEBUG - 2019-08-16 09:10:59.81925900 --> Input Class Initialized
DEBUG - 2019-08-16 09:10:59.82163600 --> XSS Filtering completed
DEBUG - 2019-08-16 09:10:59.82394600 --> Global POST and COOKIE data sanitized
DEBUG - 2019-08-16 09:10:59.82990000 --> Language Class Initialized
DEBUG - 2019-08-16 09:10:59.84661600 --> Loader Class Initialized
DEBUG - 2019-08-16 09:10:59.85818600 --> Helper loaded: array_helper
DEBUG - 2019-08-16 09:10:59.86228400 --> Helper loaded: script_helper
DEBUG - 2019-08-16 09:10:59.87054500 --> Helper loaded: string_helper
DEBUG - 2019-08-16 09:10:59.87739100 --> Helper loaded: html_helper
DEBUG - 2019-08-16 09:10:59.88205500 --> Helper loaded: url_helper
DEBUG - 2019-08-16 09:10:59.88812800 --> Helper loaded: calc_helper
DEBUG - 2019-08-16 09:10:59.89692100 --> Helper loaded: date_helper
DEBUG - 2019-08-16 09:10:59.91539400 --> Database Driver Class Initialized
DEBUG - 2019-08-16 09:10:59.92584800 --> Model Class Initialized
DEBUG - 2019-08-16 09:10:59.93118700 --> Model Class Initialized
DEBUG - 2019-08-16 09:10:59.93350600 --> Controller Class Initialized
DEBUG - 2019-08-16 09:10:59.94273400 --> Helper loaded: form_helper
DEBUG - 2019-08-16 09:10:59.95267500 --> Pagination Class Initialized
DEBUG - 2019-08-16 09:10:59.97179100 --> Form Validation Class Initialized
DEBUG - 2019-08-16 09:10:59.98393600 --> Session Class Initialized
DEBUG - 2019-08-16 09:10:59.99619400 --> Session routines successfully run
DEBUG - 2019-08-16 09:10:59.00287100 --> Model Class Initialized
DEBUG - 2019-08-16 09:11:00.01286800 --> Model Class Initialized
DEBUG - 2019-08-16 09:11:00.02382100 --> Model Class Initialized
DEBUG - 2019-08-16 09:11:00.03334900 --> Model Class Initialized
DEBUG - 2019-08-16 09:11:00.05253300 --> Model Class Initialized
DEBUG - 2019-08-16 09:11:00.06643700 --> Model Class Initialized
DEBUG - 2019-08-16 09:11:00.07523800 --> Model Class Initialized
DEBUG - 2019-08-16 09:11:00.08187500 --> Model Class Initialized
INFO  - 2019-08-16 09:11:00.08467500 --> [0f9bd68592366e1c33456bf805dce5b4]<PROCESS-START> USER-ID: 1 Controller:sales_input  Method:index
DEBUG - 2019-08-16 09:11:00.10673900 --> File loaded: application/views/bill/sales_input.php
DEBUG - 2019-08-16 09:11:00.12916400 --> File loaded: application/views/common/master.php
INFO  - 2019-08-16 09:11:00.13294500 --> [0f9bd68592366e1c33456bf805dce5b4]<PROCESS-END> Controller:sales_input  Method:index execution time=0.3647s
DEBUG - 2019-08-16 09:29:04.42345300 --> Config Class Initialized
DEBUG - 2019-08-16 09:29:04.43162300 --> Hooks Class Initialized
DEBUG - 2019-08-16 09:29:04.44116100 --> Utf8 Class Initialized
DEBUG - 2019-08-16 09:29:04.44394600 --> UTF-8 Support Enabled
DEBUG - 2019-08-16 09:29:04.45146800 --> URI Class Initialized
DEBUG - 2019-08-16 09:29:04.46243500 --> Router Class Initialized
DEBUG - 2019-08-16 09:29:04.48414600 --> Output Class Initialized
DEBUG - 2019-08-16 09:29:04.49281600 --> Security Class Initialized
DEBUG - 2019-08-16 09:29:04.50754000 --> Input Class Initialized
DEBUG - 2019-08-16 09:29:04.51158900 --> XSS Filtering completed
DEBUG - 2019-08-16 09:29:04.51434000 --> Global POST and COOKIE data sanitized
DEBUG - 2019-08-16 09:29:04.52329700 --> Language Class Initialized
DEBUG - 2019-08-16 09:29:04.54779100 --> Loader Class Initialized
DEBUG - 2019-08-16 09:29:04.56720000 --> Helper loaded: array_helper
DEBUG - 2019-08-16 09:29:04.57332800 --> Helper loaded: script_helper
DEBUG - 2019-08-16 09:29:04.58511800 --> Helper loaded: string_helper
DEBUG - 2019-08-16 09:29:04.59697600 --> Helper loaded: html_helper
DEBUG - 2019-08-16 09:29:04.60499700 --> Helper loaded: url_helper
DEBUG - 2019-08-16 09:29:04.61282100 --> Helper loaded: calc_helper
DEBUG - 2019-08-16 09:29:04.62595500 --> Helper loaded: date_helper
DEBUG - 2019-08-16 09:29:04.65744900 --> Database Driver Class Initialized
DEBUG - 2019-08-16 09:29:04.67168400 --> Model Class Initialized
DEBUG - 2019-08-16 09:29:04.68117300 --> Model Class Initialized
DEBUG - 2019-08-16 09:29:04.68355200 --> Controller Class Initialized
DEBUG - 2019-08-16 09:29:04.69734600 --> Helper loaded: form_helper
DEBUG - 2019-08-16 09:29:04.70970000 --> Pagination Class Initialized
DEBUG - 2019-08-16 09:29:04.72997100 --> Form Validation Class Initialized
DEBUG - 2019-08-16 09:29:04.74048800 --> Session Class Initialized
DEBUG - 2019-08-16 09:29:04.75292500 --> Session routines successfully run
DEBUG - 2019-08-16 09:29:04.76118400 --> Model Class Initialized
DEBUG - 2019-08-16 09:29:04.77171700 --> Model Class Initialized
DEBUG - 2019-08-16 09:29:04.78094400 --> Model Class Initialized
DEBUG - 2019-08-16 09:29:04.78792800 --> Model Class Initialized
DEBUG - 2019-08-16 09:29:04.80348000 --> Model Class Initialized
DEBUG - 2019-08-16 09:29:04.82329800 --> Model Class Initialized
DEBUG - 2019-08-16 09:29:04.83349800 --> Model Class Initialized
DEBUG - 2019-08-16 09:29:04.84778600 --> Model Class Initialized
INFO  - 2019-08-16 09:29:04.85017100 --> [0f9bd68592366e1c33456bf805dce5b4]<PROCESS-START> USER-ID: 1 Controller:sales_input  Method:index
DEBUG - 2019-08-16 09:29:04.86724100 --> File loaded: application/views/bill/sales_input.php
DEBUG - 2019-08-16 09:29:04.88901200 --> File loaded: application/views/common/master.php
INFO  - 2019-08-16 09:29:04.89234600 --> [0f9bd68592366e1c33456bf805dce5b4]<PROCESS-END> Controller:sales_input  Method:index execution time=0.4760s
DEBUG - 2019-08-16 09:29:07.78867100 --> Config Class Initialized
DEBUG - 2019-08-16 09:29:07.79743500 --> Hooks Class Initialized
DEBUG - 2019-08-16 09:29:07.80450500 --> Utf8 Class Initialized
DEBUG - 2019-08-16 09:29:07.80766600 --> UTF-8 Support Enabled
DEBUG - 2019-08-16 09:29:07.81503200 --> URI Class Initialized
DEBUG - 2019-08-16 09:29:07.82391600 --> Router Class Initialized
DEBUG - 2019-08-16 09:29:07.85132100 --> Output Class Initialized
DEBUG - 2019-08-16 09:29:07.86138900 --> Security Class Initialized
DEBUG - 2019-08-16 09:29:07.87607000 --> Input Class Initialized
DEBUG - 2019-08-16 09:29:07.87949400 --> XSS Filtering completed
DEBUG - 2019-08-16 09:29:07.88202800 --> Global POST and COOKIE data sanitized
DEBUG - 2019-08-16 09:29:07.89182400 --> Language Class Initialized
DEBUG - 2019-08-16 09:29:07.91638500 --> Loader Class Initialized
DEBUG - 2019-08-16 09:29:07.93339800 --> Helper loaded: array_helper
DEBUG - 2019-08-16 09:29:07.94255100 --> Helper loaded: script_helper
DEBUG - 2019-08-16 09:29:07.95305300 --> Helper loaded: string_helper
DEBUG - 2019-08-16 09:29:07.96486600 --> Helper loaded: html_helper
DEBUG - 2019-08-16 09:29:07.97347600 --> Helper loaded: url_helper
DEBUG - 2019-08-16 09:29:07.97961800 --> Helper loaded: calc_helper
DEBUG - 2019-08-16 09:29:07.98810500 --> Helper loaded: date_helper
DEBUG - 2019-08-16 09:29:08.01492300 --> Database Driver Class Initialized
DEBUG - 2019-08-16 09:29:08.02711500 --> Model Class Initialized
DEBUG - 2019-08-16 09:29:08.03239800 --> Model Class Initialized
DEBUG - 2019-08-16 09:29:08.03557100 --> Controller Class Initialized
DEBUG - 2019-08-16 09:29:08.04699300 --> Helper loaded: form_helper
DEBUG - 2019-08-16 09:29:08.05862800 --> Pagination Class Initialized
DEBUG - 2019-08-16 09:29:08.07369100 --> Form Validation Class Initialized
DEBUG - 2019-08-16 09:29:08.08291100 --> Session Class Initialized
DEBUG - 2019-08-16 09:29:08.09451300 --> Session routines successfully run
DEBUG - 2019-08-16 09:29:08.10009400 --> Model Class Initialized
DEBUG - 2019-08-16 09:29:08.10560900 --> Model Class Initialized
DEBUG - 2019-08-16 09:29:08.11151700 --> Model Class Initialized
DEBUG - 2019-08-16 09:29:08.11861800 --> Model Class Initialized
DEBUG - 2019-08-16 09:29:08.13052800 --> Model Class Initialized
DEBUG - 2019-08-16 09:29:08.13957700 --> Model Class Initialized
DEBUG - 2019-08-16 09:29:08.14557700 --> Model Class Initialized
DEBUG - 2019-08-16 09:29:08.15252300 --> Model Class Initialized
INFO  - 2019-08-16 09:29:08.15488500 --> [0f9bd68592366e1c33456bf805dce5b4]<PROCESS-START> USER-ID: 1 Controller:credit_input  Method:index
DEBUG - 2019-08-16 09:29:08.26076400 --> File loaded: application/views/credit/credit_input.php
DEBUG - 2019-08-16 09:29:08.27884000 --> File loaded: application/views/common/master.php
INFO  - 2019-08-16 09:29:08.28276400 --> [0f9bd68592366e1c33456bf805dce5b4]<PROCESS-END> Controller:credit_input  Method:index execution time=0.4918s
DEBUG - 2019-08-16 09:29:08.95841300 --> Config Class Initialized
DEBUG - 2019-08-16 09:29:08.96449500 --> Hooks Class Initialized
DEBUG - 2019-08-16 09:29:08.97154300 --> Utf8 Class Initialized
DEBUG - 2019-08-16 09:29:08.97380300 --> UTF-8 Support Enabled
DEBUG - 2019-08-16 09:29:08.97982700 --> URI Class Initialized
DEBUG - 2019-08-16 09:29:08.98549800 --> Router Class Initialized
DEBUG - 2019-08-16 09:29:08.00195700 --> Output Class Initialized
DEBUG - 2019-08-16 09:29:08.01142400 --> Security Class Initialized
DEBUG - 2019-08-16 09:29:09.02309000 --> Input Class Initialized
DEBUG - 2019-08-16 09:29:09.02663900 --> XSS Filtering completed
DEBUG - 2019-08-16 09:29:09.02894400 --> Global POST and COOKIE data sanitized
DEBUG - 2019-08-16 09:29:09.03694300 --> Language Class Initialized
DEBUG - 2019-08-16 09:29:09.05455600 --> Loader Class Initialized
DEBUG - 2019-08-16 09:29:09.06896700 --> Helper loaded: array_helper
DEBUG - 2019-08-16 09:29:09.07445600 --> Helper loaded: script_helper
DEBUG - 2019-08-16 09:29:09.08528700 --> Helper loaded: string_helper
DEBUG - 2019-08-16 09:29:09.09671600 --> Helper loaded: html_helper
DEBUG - 2019-08-16 09:29:09.10774400 --> Helper loaded: url_helper
DEBUG - 2019-08-16 09:29:09.11503400 --> Helper loaded: calc_helper
DEBUG - 2019-08-16 09:29:09.12888100 --> Helper loaded: date_helper
DEBUG - 2019-08-16 09:29:09.16903100 --> Database Driver Class Initialized
DEBUG - 2019-08-16 09:29:09.18641400 --> Model Class Initialized
DEBUG - 2019-08-16 09:29:09.19369600 --> Model Class Initialized
DEBUG - 2019-08-16 09:29:09.19741900 --> Controller Class Initialized
DEBUG - 2019-08-16 09:29:09.21190400 --> Helper loaded: form_helper
DEBUG - 2019-08-16 09:29:09.23220500 --> Pagination Class Initialized
DEBUG - 2019-08-16 09:29:09.25674700 --> Form Validation Class Initialized
DEBUG - 2019-08-16 09:29:09.27122700 --> Session Class Initialized
DEBUG - 2019-08-16 09:29:09.28697100 --> Session routines successfully run
DEBUG - 2019-08-16 09:29:09.29694400 --> Model Class Initialized
